0.0,0.523,1.744,0.017,1.2809531355897583
0.03,0.588,1.754,0.018,1.193972759739749
0.06,0.556,1.636,0.019,1.4014596285592618
0.08,0.558,1.998,0.015,1.37915922770256
0.2,0.576,1.859,0.018,1.4411814558959253
0.28,0.579,1.749,0.018,1.4757339077677778
0.32,0.583,1.877,0.018,1.3371011359221732
0.34,0.501,1.896,0.016,1.098672608959397
0.44,0.514,1.829,0.015,1.4013934544896776
0.45,0.576,1.598,0.016,1.254545273102957
0.49,0.556,1.817,0.018,1.1184163633445037
0.55,0.535,1.617,0.019,1.215192927975691
0.58,0.553,1.817,0.015,1.0067302951513735
0.59,0.507,1.834,0.019,1.06271828235056
0.6,0.516,1.894,0.019,1.1819125129229424
0.64,0.505,1.695,0.017,1.4451915283651402
0.65,0.508,1.602,0.015,1.2120510950012018
0.66,0.572,1.627,0.016,1.4135386479100338
0.67,0.53,1.609,0.016,1.1272517760508598
0.69,0.573,1.522,0.018,1.2896676299561696
0.74,0.561,1.754,0.018,1.2248726870799906
0.75,0.537,1.638,0.015,1.331065073226683
0.77,0.554,1.829,0.015,1.0974716027813596
0.77,0.547,1.523,0.017,1.0460591681012301
0.86,0.502,1.527,0.016,1.0981373798445673
0.91,0.59,1.577,0.019,1.3558311753148826
0.93,0.511,1.781,0.018,1.0541552441096587
0.95,0.586,1.696,0.018,1.090074904058802
0.95,0.556,1.862,0.018,1.0109616411349736
0.95,0.532,1.928,0.017,1.297501212801084
0.98,0.551,1.809,0.018,1.4516111741124393
0.99,0.506,1.936,0.018,1.000209595633147
0.99,0.576,1.64,0.017,1.0230800765250512
1.07,0.572,1.592,0.016,1.3212106035475368
1.1,0.512,1.819,0.019,1.327540619145449
1.11,0.509,1.771,0.015,1.036753249723423
1.43,0.587,1.523,0.015,1.2682787130729885
1.49,0.51,1.837,0.017,1.290056178569242
1.49,0.567,1.604,0.016,1.0323486739576853
1.55,0.559,1.728,0.017,1.071545591104051
1.57,0.579,1.99,0.018,1.1032716685164021
1.65,0.559,1.994,0.016,1.4742902293755336
1.68,0.517,1.811,0.018,1.0421371218217639
1.71,0.515,1.626,0.019,1.18697230331236
1.72,0.529,1.99,0.017,1.4046633247020255
1.74,0.553,1.767,0.016,1.176988909721206
1.75,0.584,1.761,0.019,1.1337336789937742
1.75,0.571,1.507,0.015,1.2608014201569087
1.77,0.589,1.841,0.018,1.4580153215177356
1.8,0.534,1.735,0.017,1.4318702161288488
1.83,0.524,1.508,0.019,1.2965646328202367
1.87,0.569,1.681,0.019,1.2564245044600078
1.88,0.539,1.567,0.016,1.2756472267561898
1.88,0.553,1.784,0.016,1.1361133845360027
1.9,0.51,1.575,0.016,1.320100433630245
1.9,0.538,1.568,0.018,1.4038008508403776
1.98,0.598,1.518,0.015,1.2799778118514071
1.99,0.557,1.655,0.019,1.1371890544930296
2.01,0.599,1.931,0.015,1.1312454629767852
2.05,0.533,1.945,0.016,1.4599463329410982
2.05,0.571,1.713,0.015,1.279612654012677
2.07,0.522,1.953,0.018,1.251003499653685
2.08,0.54,1.961,0.015,1.3631825977884149
2.21,0.588,1.591,0.019,1.2244089632357844
2.22,0.512,1.52,0.019,1.2990015179837755
2.25,0.597,1.706,0.018,1.4906881398404286
2.27,0.535,1.811,0.017,1.3863593948729351
2.31,0.575,1.889,0.017,1.22414135224405
2.33,0.509,1.846,0.017,1.1664150293781574
2.35,0.513,1.73,0.018,1.4060960681976744
2.36,0.593,1.677,0.017,1.2981627795573405
2.37,0.586,1.628,0.018,1.0965635971745535
2.4,0.506,1.777,0.016,1.1726706678205012
2.52,0.552,1.548,0.015,1.313571170069293
2.54,0.538,1.984,0.016,1.0330829951860787
2.55,0.579,1.858,0.019,1.2320905847418762
2.6,0.546,1.567,0.015,1.3021040372557895
2.63,0.525,1.518,0.015,1.008233245245866
2.66,0.58,1.815,0.015,1.1039708673857722
2.66,0.528,1.546,0.016,1.236460553387511
2.72,0.565,1.91,0.015,1.0338277569223449
2.72,0.567,1.583,0.017,1.1180640931893318
2.78,0.504,1.958,0.016,1.0429538716574627
2.82,0.567,1.773,0.018,1.2479501523907328
2.82,0.585,1.773,0.019,1.1905302156132145
2.95,0.569,1.641,0.019,1.3843326979706387
2.97,0.549,1.647,0.018,1.3748598801907623
2.98,0.512,1.774,0.015,1.1865538541134057
3.03,0.504,1.574,0.016,1.181728896727391
3.09,0.578,1.702,0.015,1.486340335035142
3.09,0.577,1.902,0.015,1.0198321716888383
3.1,0.559,1.917,0.015,1.4956269343646964
3.18,0.577,1.52,0.015,1.1243770421885633
3.19,0.578,1.793,0.015,1.2591820769861792
3.21,0.506,1.539,0.018,1.4922015429643394
3.21,0.552,1.666,0.016,1.4473528385104437
3.23,0.557,1.663,0.017,1.3215199402260565
3.25,0.528,1.617,0.019,1.4684471725028683
3.26,0.584,1.558,0.018,1.4071427297741326
3.3,0.559,1.956,0.016,1.4898210287620821
3.31,0.557,1.581,0.016,1.2041156703149432
3.33,0.535,1.619,0.019,1.363248518186932
3.35,0.502,1.746,0.018,1.152141575192867
3.36,0.537,1.655,0.017,1.1452896705914846
3.37,0.517,1.774,0.015,1.223631970429568
3.39,0.53,1.606,0.016,1.371757857689788
3.52,0.59,1.548,0.016,1.2316956830818686
3.54,0.588,1.878,0.017,1.3324499502100713
3.58,0.571,1.782,0.016,1.2909810076155657
3.62,0.591,1.56,0.019,1.4817443907358365
3.73,0.588,1.96,0.016,1.230464982567834
3.74,0.598,1.756,0.016,1.3673522803272131
3.77,0.547,1.867,0.016,1.2171851371125513
3.81,0.564,1.886,0.016,1.0539461653856663
3.81,0.592,1.585,0.019,1.3552192983535223
3.84,0.564,1.831,0.017,1.433339414831683
3.88,0.591,1.524,0.015,1.098447838104051
3.94,0.581,1.863,0.015,1.420006205101986
3.98,0.566,1.773,0.019,1.4826551227295757
4.06,0.524,1.891,0.018,1.4575888999945317
4.07,0.596,1.713,0.017,1.1565757207485237
4.11,0.557,1.59,0.017,1.2400143906792678
4.14,0.564,1.642,0.017,1.02595097175276
4.15,0.54,1.508,0.017,1.2124893565452317
4.17,0.501,1.643,0.015,1.1999816390730516
4.21,0.505,1.708,0.019,1.4284226668277893
4.28,0.562,1.906,0.018,1.4884153876125912
4.36,0.566,1.728,0.016,1.1440858354670567
4.39,0.527,1.54,0.016,1.2418781779129358
4.39,0.583,1.817,0.019,1.3265107436681867
4.39,0.582,1.627,0.018,1.1413026431663074
4.4,0.558,1.859,0.017,1.330177702990233
4.43,0.548,1.733,0.018,1.4648720215682578
4.56,0.587,1.845,0.015,1.2306661919931186
4.57,0.541,1.912,0.017,1.1564067004215255
4.57,0.521,1.562,0.016,1.1311022680639407
4.6,0.547,1.773,0.019,1.1391320163367145
4.6,0.52,1.826,0.016,1.1350897446673223
4.61,0.504,1.617,0.017,1.1122536761276938
4.66,0.551,1.868,0.018,1.2154350141659067
4.69,0.504,1.733,0.017,1.192968168408587
4.71,0.587,1.643,0.017,1.3017187951445879
4.73,0.546,1.597,0.016,1.2233353194815824
4.74,0.562,1.878,0.018,1.4681969891554472
4.74,0.507,1.655,0.016,1.2180581671601374
4.78,0.589,1.881,0.017,1.3493543784963165
4.84,0.598,1.865,0.015,1.0898784455650758
4.86,0.544,1.577,0.017,1.0383777927448667
4.97,0.588,1.827,0.018,1.3133384216922048
4.98,0.582,1.501,0.015,1.2039682472850448
4.99,0.557,1.605,0.016,1.339416713577579
5.1,0.582,1.979,0.018,1.131965527558938
5.12,0.513,1.855,0.016,1.2341503862206356
5.16,0.582,1.959,0.015,1.3642911616484823
5.16,0.514,1.634,0.018,1.2212150245348674
5.19,0.596,1.994,0.016,1.4543763313454081
5.22,0.54,1.567,0.016,1.4529633673151325
5.22,0.549,1.609,0.016,1.3811123301763637
5.36,0.505,1.899,0.019,1.4223996918047983
5.37,0.515,1.999,0.015,1.1111903736050215
5.39,0.54,1.974,0.019,1.0447066694375364
5.4,0.565,1.69,0.015,1.4550164215739434
5.45,0.54,1.952,0.018,1.0639407936090786
5.45,0.592,1.978,0.016,1.032513348478852
5.47,0.588,1.889,0.018,1.4705545121869852
5.5,0.515,1.992,0.015,1.0330642633449993
5.61,0.591,1.9,0.019,1.4377954879309516
5.62,0.577,1.924,0.019,1.094794876169785
5.63,0.535,1.614,0.018,1.2911511378794196
5.64,0.554,1.627,0.018,1.1477639366827361
5.74,0.511,1.79,0.015,1.4503529641593254
5.74,0.559,1.77,0.019,1.291554395129443
5.75,0.545,1.725,0.018,1.130774261344093
5.79,0.536,1.718,0.017,1.392029134170588
5.79,0.509,1.565,0.016,1.284766256812602
5.84,0.582,1.97,0.018,1.0532678672427431
5.85,0.582,1.826,0.015,1.2913587176941534
5.88,0.587,1.788,0.016,1.1751372601811176
5.89,0.581,1.724,0.019,1.4408111947491382
5.95,0.505,1.805,0.017,1.006539032464925
5.98,0.528,1.598,0.019,1.049217599041369
6.02,0.55,1.759,0.017,1.2052343023204077
6.05,0.569,1.736,0.019,1.4940976224158409
6.07,0.57,1.791,0.017,1.2519925889230012
6.07,0.54,1.55,0.018,1.0591873178096707
6.28,0.513,1.62,0.016,1.2039043762378108
6.29,0.538,1.585,0.016,1.2490164473906173
6.3,0.565,1.835,0.017,1.1824922708183232
6.35,0.522,1.542,0.018,1.17195248354185
6.4,0.532,1.976,0.016,1.4996878528108757
6.4,0.556,1.796,0.017,1.3771976490112605
6.42,0.514,1.71,0.017,1.413886224223076
6.43,0.541,1.534,0.015,1.4526962433040098
6.44,0.589,1.851,0.016,1.1309575553399571
6.51,0.576,1.956,0.019,1.0400993514193515
6.52,0.518,1.679,0.019,1.3334011169682203
6.53,0.569,1.757,0.017,1.0665696006858827
6.55,0.55,1.87,0.019,1.4599514566464133
6.56,0.552,1.809,0.019,1.0574225935123724
6.6,0.532,1.934,0.019,1.3634345977282942
6.61,0.578,1.596,0.015,1.4704797987100322
6.67,0.57,1.85,0.019,1.4847950173016862
6.7,0.552,1.638,0.017,1.4376116134257673
6.71,0.511,1.95,0.015,1.2578633772011536
6.72,0.535,1.523,0.017,1.2480563490356247
6.72,0.571,1.615,0.017,1.426791824054841
6.77,0.536,1.824,0.016,1.3841681648846968
6.81,0.514,1.821,0.015,1.0168266630797573
6.85,0.538,1.62,0.017,1.072597294822156
6.87,0.587,1.692,0.015,1.1820123680323276
6.87,0.515,1.708,0.018,1.2766803823018895
6.89,0.553,1.622,0.018,1.2459626220519866
6.92,0.508,1.855,0.018,1.023462187725587
6.94,0.534,1.745,0.016,1.4214902834196426
6.95,0.531,1.786,0.019,1.2658844191395582
6.99,0.529,1.61,0.018,1.3260053220792405
7.17,0.538,1.999,0.016,1.3655582867970693
7.18,0.534,1.876,0.018,1.058684178420199
7.23,0.552,1.803,0.018,1.3274866122973055
7.27,0.51,1.812,0.015,1.1384303430565659
7.28,0.532,1.744,0.018,1.434980552846465
7.29,0.594,1.65,0.017,1.370652107594658
7.38,0.574,1.823,0.015,1.332029359077898
7.39,0.599,1.93,0.017,1.4959111596005155
7.42,0.524,1.568,0.017,1.226034467607
7.43,0.555,1.996,0.018,1.2272203820528396
7.43,0.556,1.735,0.019,1.165936080744455
7.45,0.598,1.553,0.019,1.0132891566120212
7.47,0.572,1.715,0.017,1.3358912438201795
7.52,0.513,1.941,0.015,1.3359078935509912
7.56,0.582,1.715,0.016,1.3474167925479188
7.65,0.506,1.702,0.017,1.4973788581965661
7.65,0.565,1.957,0.016,1.2679386840778928
7.67,0.537,1.991,0.019,1.419585737874107
7.68,0.557,1.635,0.017,1.2707892214377199
7.7,0.566,1.868,0.019,1.108201963817487
7.76,0.586,1.648,0.015,1.4398499110312772
7.78,0.526,1.839,0.018,1.4878230790199365
7.86,0.58,1.728,0.016,1.2170396217607389
7.88,0.574,1.501,0.019,1.2743024298695067
7.88,0.533,1.5,0.018,1.4248417690330377
7.89,0.538,1.625,0.015,1.2835108087202851
7.9,0.548,1.659,0.015,1.4717320344866
7.93,0.584,1.829,0.018,1.3730902998368073
7.95,0.561,1.873,0.015,1.023938086842017
7.98,0.599,1.693,0.016,1.2394900894882124
8.06,0.514,1.676,0.017,1.23450664801693
8.08,0.552,1.755,0.019,1.164002992894934
8.1,0.524,1.797,0.015,1.4343752198102768
8.18,0.594,1.78,0.019,1.0287907944105719
8.27,0.545,1.929,0.015,1.17208438160531
8.3,0.58,1.561,0.019,1.164587327015111
8.3,0.521,1.763,0.018,1.0981287143769995
8.33,0.591,1.756,0.018,1.228437207187624
8.36,0.564,1.863,0.019,1.2269588369743212
8.48,0.567,1.698,0.019,1.0137199685701601
8.49,0.502,1.756,0.017,1.3219950559599873
8.51,0.503,1.786,0.018,1.4409564908154062
8.58,0.539,1.94,0.015,1.0324787326522158
8.61,0.505,1.586,0.016,1.3705044207303518
8.65,0.528,1.713,0.018,1.3309429070015266
8.69,0.519,1.873,0.019,1.3515795807552242
8.75,0.533,1.889,0.016,1.003248299292788
8.76,0.574,1.802,0.016,1.2160883957965645
8.76,0.527,1.856,0.017,1.1430596893389529
8.82,0.589,1.605,0.017,1.1255433320944124
8.84,0.598,1.523,0.018,1.4115930958374678
8.93,0.581,1.87,0.015,1.408284982768382
9.0,0.551,1.725,0.017,1.2642117645402224
9.0,0.582,1.649,0.015,1.0925949505650516
9.02,0.56,1.694,0.018,1.3105427750158016
9.03,0.573,1.835,0.017,1.2307860145487497
9.08,0.555,1.848,0.016,1.186395257974443
9.08,0.522,1.645,0.018,1.2831123742411703
9.1,0.501,1.746,0.019,1.1174062945958492
9.1,0.564,1.949,0.017,1.0932894558778643
9.17,0.533,1.865,0.019,1.4482079603026883
9.29,0.571,1.641,0.016,1.3340204157070867
9.3,0.504,1.922,0.018,1.2848255622574638
9.33,0.559,1.874,0.017,1.232912133846691
9.33,0.549,1.662,0.019,1.2160710788492881
9.34,0.501,1.964,0.015,1.4707002732719323
9.34,0.532,1.833,0.017,1.2300459651200901
9.36,0.516,1.727,0.017,1.1525732264347448
9.4,0.58,1.982,0.019,1.2284592213985859
9.47,0.548,1.72,0.018,1.0323800292483525
9.48,0.518,1.629,0.017,1.244975499110585
9.53,0.533,1.931,0.017,1.4901903201695172
9.56,0.582,1.864,0.018,1.056677618939549
9.61,0.544,1.671,0.015,1.4216684365669985
9.64,0.558,1.59,0.016,1.3416031176866468
9.67,0.574,1.985,0.016,1.4256288634530536
9.67,0.545,1.639,0.015,1.4998451283765801
9.69,0.573,1.564,0.019,1.131878221909054
9.74,0.511,1.874,0.018,1.0596426697453967
9.76,0.59,1.824,0.015,1.348980754042247
9.8,0.55,1.698,0.016,1.1104573696657996
9.82,0.55,1.964,0.018,1.038093297087424
9.87,0.531,1.647,0.018,1.2052109682443106
9.89,0.589,1.909,0.016,1.0191650120657725
9.92,0.584,1.987,0.017,1.1567830647343857
9.93,0.514,1.871,0.017,1.4327465191870867
9.93,0.557,1.719,0.018,1.444436329533283
9.98,0.527,1.63,0.019,1.1998684151656251
9.99,0.511,1.702,0.018,1.173589776587242
10.02,0.598,1.643,0.016,1.3853372392785224
10.06,0.548,1.742,0.019,1.2007202487885245
10.14,0.551,1.81,0.015,1.4171291110875843
10.19,0.528,1.595,0.015,1.2435985284617774
10.21,0.578,1.564,0.018,1.1928275877980905
10.22,0.529,1.77,0.019,1.3051245467200778
10.24,0.569,1.892,0.019,1.2177646202409589
10.29,0.572,1.68,0.019,1.2560901181992898
10.33,0.527,1.954,0.016,1.2088175237563663
10.33,0.522,1.883,0.018,1.3957784124136619
10.35,0.562,1.54,0.017,1.1464718734391524
10.39,0.561,1.809,0.015,1.2535163521009443
10.4,0.559,1.598,0.018,1.499631470447271
10.42,0.542,1.835,0.015,1.2599702432232438
10.46,0.587,1.837,0.015,1.00129354943624
10.51,0.592,1.592,0.019,1.0145621209408917
10.54,0.502,1.747,0.016,1.051396494229615
10.55,0.514,1.805,0.018,1.373300480608117
10.57,0.586,1.707,0.017,1.3972528430371487
10.58,0.579,1.613,0.018,1.156100640594373
10.62,0.556,1.947,0.017,1.1223725503177817
10.65,0.555,1.738,0.018,1.4431482769826622
10.69,0.552,1.647,0.019,1.3884452673452372
10.75,0.576,1.501,0.018,1.1493670232995734
10.78,0.592,1.528,0.018,1.4742496786745571
10.8,0.511,1.688,0.018,1.1407644752184114
10.87,0.591,1.681,0.019,1.3473503856352735
10.87,0.522,1.783,0.018,1.187207534173513
10.92,0.583,1.853,0.019,1.208674096511809
10.95,0.591,1.893,0.015,1.4892846873907295
10.98,0.582,1.899,0.019,1.2094074166390305
11.05,0.543,1.969,0.018,1.4190182313910509
11.1,0.518,1.748,0.018,1.1218194378936364
11.11,0.593,1.911,0.017,1.2135672018802506
11.12,0.529,1.521,0.019,1.0880694440698515
11.15,0.512,1.529,0.018,1.4313200932664456
11.22,0.594,1.588,0.015,1.049733937298837
11.34,0.524,1.599,0.015,1.1616088620917493
11.36,0.555,1.522,0.016,1.3344105662194345
11.36,0.564,1.666,0.015,1.173044716127519
11.38,0.572,1.66,0.016,1.4856004234216524
11.38,0.595,1.517,0.015,1.388457814145835
11.5,0.567,1.829,0.018,1.1571180412908957
11.54,0.57,1.888,0.018,1.2039846234292026
11.54,0.586,1.733,0.016,1.1557583445717503
11.55,0.513,1.669,0.016,1.25884038202038
11.56,0.511,1.85,0.018,1.3432877184047503
11.64,0.526,1.554,0.018,1.3639563659948002
11.65,0.557,1.85,0.015,1.312185926252669
11.68,0.524,1.667,0.018,1.0673439772526823
11.75,0.524,1.917,0.017,1.375843271087621
11.77,0.577,1.509,0.018,1.4048915201986876
11.77,0.552,1.574,0.015,1.2283413629700128
11.93,0.55,1.794,0.018,1.3025740031886999
11.93,0.542,1.64,0.015,1.299077529277232
11.98,0.512,1.555,0.018,1.387351369090207
12.02,0.538,1.975,0.017,1.0777550939529754
12.04,0.568,1.57,0.015,1.4188508219712292
12.08,0.58,1.771,0.015,1.2102440038455051
12.18,0.534,1.731,0.015,1.3327431111751082
12.19,0.55,1.993,0.017,1.4758961515018356
12.21,0.577,1.693,0.018,1.310613757201875
12.22,0.546,1.73,0.016,1.2069580404566966
12.24,0.553,1.744,0.016,1.403109053135164
12.36,0.575,1.968,0.018,1.2358488681707143
12.41,0.593,1.924,0.017,1.0443487043224462
12.43,0.519,1.892,0.016,1.4412924815609094
12.44,0.531,1.924,0.018,1.1898133855421362
12.45,0.541,1.984,0.015,1.4026088858871955
12.51,0.507,1.744,0.018,1.46964728952863
12.57,0.503,1.635,0.019,1.04950685711228
12.57,0.528,1.832,0.017,1.1210616774644706
12.61,0.586,1.593,0.015,1.1494222022698808
12.61,0.536,1.859,0.017,1.2773886889664743
12.66,0.588,1.575,0.017,1.0433598860329103
12.66,0.515,1.863,0.017,1.058112996187775
12.68,0.53,1.647,0.016,1.1081733182664213
12.69,0.591,1.948,0.017,1.2087093036256664
12.71,0.569,1.779,0.016,1.310322526705722
12.77,0.506,1.804,0.016,1.4522380655472713
12.82,0.502,1.822,0.017,1.2305909384464986
12.87,0.575,1.672,0.017,1.0451906732155445
12.92,0.558,1.683,0.019,1.4092028396296086
12.94,0.546,1.995,0.017,1.0267789588360112
12.94,0.533,1.554,0.015,1.0335178420065978
12.96,0.597,1.723,0.017,1.4025511584399981
13.02,0.54,1.678,0.016,1.1863142989571405
13.03,0.541,1.579,0.018,1.228464167356099
13.04,0.525,1.923,0.019,1.263994173215258
13.04,0.529,1.626,0.017,1.181461094632673
13.04,0.525,1.688,0.015,1.2568596671121957
13.06,0.561,1.932,0.016,1.0955841305402392
13.15,0.523,1.952,0.018,1.2052299438372054
13.17,0.579,1.727,0.018,1.0975248923378085
13.19,0.53,1.683,0.015,1.144483783179468
13.27,0.546,1.805,0.018,1.0739090561575324
13.29,0.529,1.652,0.015,1.2899674297356818
13.29,0.501,1.931,0.017,1.4829478523493647
13.3,0.537,1.667,0.017,1.069782216040536
13.31,0.539,1.606,0.016,1.29335296764601
13.32,0.581,1.53,0.018,1.4006720069744234
13.32,0.59,1.865,0.019,1.2715352438296872
13.36,0.579,1.866,0.017,1.3171569590801944
13.37,0.523,1.775,0.019,1.4668594195682618
13.38,0.593,1.913,0.016,1.278606713067396
13.4,0.567,1.541,0.015,1.178150080984216
13.46,0.53,1.757,0.015,1.0942094173245205
13.46,0.587,1.789,0.017,1.0145691641624488
13.5,0.502,1.823,0.019,1.1245897410995402
13.51,0.576,1.931,0.015,1.338287687174086
13.51,0.588,1.844,0.015,1.2682078091138147
13.52,0.529,1.655,0.016,1.0243654142742242
13.58,0.563,1.744,0.016,1.3076363312644255
13.62,0.593,1.91,0.016,1.2807057293768367
13.73,0.503,1.556,0.017,1.2785434657666295
13.74,0.503,1.501,0.018,1.1430401189281638
13.78,0.588,1.881,0.015,1.4079136813348463
13.83,0.517,1.567,0.017,1.0158009260645884
13.83,0.535,1.642,0.019,1.198165604685479
13.85,0.5,1.704,0.016,1.317778313391143
13.94,0.572,1.621,0.015,1.2449087230534541
13.98,0.56,1.805,0.018,1.4932409376023914
13.99,0.583,1.896,0.016,1.2010169845457197
13.99,0.52,1.638,0.015,1.3826134265498684
14.0,0.584,1.728,0.016,1.3632439663209723
14.05,0.555,1.723,0.015,1.1098286921502807
14.06,0.585,1.894,0.018,1.2127636501998107
14.1,0.58,1.841,0.016,1.187010539288687
14.21,0.512,1.886,0.019,1.140249974477663
14.21,0.545,1.582,0.015,1.4747428938393945
14.21,0.568,1.827,0.019,1.106010188299059
14.25,0.502,1.727,0.018,1.0818410309256083
14.32,0.532,1.819,0.016,1.3475805835744008
14.32,0.566,1.87,0.016,1.3907562455079632
14.32,0.574,1.599,0.019,1.1140021349834124
14.33,0.558,1.847,0.018,1.0348615500210467
14.38,0.523,1.89,0.018,1.2251601319090926
14.39,0.596,1.829,0.019,1.057032397167124
14.46,0.562,1.832,0.017,1.0837437160647507
14.47,0.562,1.98,0.015,1.3253233144614593
14.5,0.536,1.924,0.019,1.3236182175388491
14.58,0.592,1.865,0.018,1.0893557006204044
14.6,0.565,1.697,0.017,1.4883665024878785
14.64,0.558,1.91,0.015,1.1556416440550223
14.68,0.568,1.611,0.019,1.0965268563980308
14.69,0.597,1.906,0.018,1.0320135122520182
14.72,0.509,1.893,0.017,1.2346039713430295
14.76,0.575,1.866,0.015,1.1000204446542066
14.78,0.556,1.829,0.016,1.2965618945812012
14.85,0.573,1.817,0.018,1.052612677630924
14.85,0.522,1.604,0.019,1.0328777349884726
14.85,0.55,1.56,0.016,1.1245371868421787
14.86,0.51,1.953,0.015,1.274073075592112
14.87,0.509,1.845,0.019,1.4913281821648086
14.89,0.553,1.748,0.015,1.0431135186922353
14.94,0.598,1.649,0.019,1.1081718454012002
14.95,0.51,1.66,0.019,1.1142107869647244
14.98,0.584,1.537,0.017,1.3173085567758445
15.0,0.593,1.995,0.019,1.480107577723698
15.02,0.511,1.901,0.016,1.075543766346364
15.11,0.533,1.891,0.018,1.4427340735803225
15.14,0.505,1.544,0.017,1.1495649538511934
15.15,0.548,1.844,0.018,1.2293205672903722
15.16,0.516,1.662,0.019,1.2413857541171578
15.17,0.592,1.921,0.018,1.1396713048259375
15.17,0.591,1.684,0.018,1.2732481225724814
15.21,0.578,1.809,0.015,1.1294171027173157
15.23,0.526,1.889,0.017,1.0415977831483392
15.24,0.549,1.934,0.015,1.3845532317172369
15.34,0.596,1.505,0.017,1.2189052354931658
15.34,0.545,1.603,0.018,1.1181444204000122
15.34,0.548,1.707,0.017,1.002891211964093
15.35,0.54,1.709,0.019,1.2929136957105154
15.35,0.551,1.504,0.018,1.241359258187465
15.35,0.597,1.739,0.019,1.27375783668662
15.38,0.581,1.976,0.016,1.1059215637144884
15.38,0.56,1.858,0.015,1.3004255343185358
15.38,0.53,1.647,0.017,1.4841039859502305
15.43,0.532,1.758,0.018,1.0274339081165977
15.46,0.563,1.838,0.017,1.1118245295740017
15.47,0.564,1.766,0.017,1.4686624206394572
15.52,0.531,1.618,0.017,1.17089413462369
15.53,0.585,1.651,0.015,1.3203508110969824
15.56,0.581,1.816,0.017,1.2746260423577778
15.58,0.559,1.539,0.016,1.4173711849172912
15.6,0.581,1.708,0.019,1.1065350903330775
15.63,0.585,1.675,0.016,1.337459003937472
15.65,0.509,1.911,0.015,1.494819478960005
15.71,0.581,1.862,0.018,1.309817721470496
15.73,0.595,1.723,0.018,1.3940095017636147
15.78,0.591,1.829,0.018,1.4109318789202403
15.78,0.568,1.625,0.015,1.3492552164165637
15.79,0.507,1.871,0.016,1.189052132443401
15.86,0.539,1.949,0.016,1.1582281416895799
15.87,0.561,1.808,0.017,1.0114709866687894
15.9,0.592,1.871,0.017,1.150747202133756
15.92,0.555,1.743,0.015,1.2523359993620147
15.95,0.514,1.639,0.018,1.39209933198183
15.95,0.527,1.663,0.015,1.2718030562790643
16.06,0.557,1.645,0.018,1.434639915775617
16.14,0.559,1.568,0.017,1.496445082555965
16.15,0.59,1.601,0.019,1.3852019604629928
16.18,0.577,1.917,0.016,1.1878369045312769
16.21,0.536,1.519,0.016,1.1871898151588243
16.22,0.564,1.572,0.018,1.1945312705172495
16.25,0.592,1.703,0.019,1.4827725542703774
16.26,0.534,1.583,0.017,1.3882796090422564
16.27,0.502,1.95,0.017,1.1940135735698663
16.34,0.549,1.841,0.019,1.0782683918134435
16.37,0.596,1.655,0.017,1.3174452412322248
16.37,0.515,1.97,0.015,1.4738239823164678
16.42,0.564,1.817,0.015,1.2104200732437653
16.43,0.551,1.861,0.016,1.130680092594563
16.46,0.532,1.584,0.019,1.3103446109455101
16.46,0.534,1.56,0.017,1.3375437210983316
16.46,0.529,1.953,0.019,1.012759482905324
16.52,0.568,1.759,0.015,1.0558268368846893
16.52,0.559,1.563,0.017,1.308418030493061
16.54,0.592,1.94,0.015,1.002933581357952
16.54,0.566,1.517,0.016,1.3482265867864924
16.58,0.598,1.917,0.017,1.328070034673237
16.61,0.546,1.94,0.018,1.0853837780750335
16.64,0.535,1.765,0.019,1.1633175590017215
16.65,0.551,1.66,0.015,1.4871871579757707
16.79,0.562,1.953,0.018,1.4025656341917552
16.84,0.588,1.54,0.019,1.4164890022325178
16.86,0.599,1.69,0.015,1.002767331443429
16.89,0.589,1.997,0.017,1.2974199048333985
16.9,0.519,1.932,0.018,1.345954409594224
16.92,0.563,1.824,0.015,1.0648639833253308
16.97,0.577,1.623,0.016,1.2273526359468092
16.98,0.582,1.595,0.017,1.3253529341263008
17.03,0.586,1.956,0.019,1.1584202827663455
17.04,0.558,1.701,0.017,1.326663105909064
17.15,0.553,1.976,0.019,1.2642887680204016
17.17,0.581,1.994,0.015,1.2424984885228374
17.18,0.588,1.791,0.019,1.1136590059130649
17.2,0.531,1.95,0.015,1.4123389377421658
17.36,0.55,1.501,0.019,1.3475046310881704
17.37,0.536,1.975,0.015,1.1812917922870994
17.39,0.515,1.691,0.018,1.3744789485042879
17.4,0.546,1.568,0.017,1.0395475750236716
17.44,0.58,1.623,0.019,1.213463438601641
17.45,0.591,1.92,0.017,1.4571404157595025
17.48,0.554,1.856,0.017,1.0012245646348619
17.49,0.575,1.957,0.017,1.2169092888485689
17.52,0.545,1.778,0.016,1.3550006144136837
17.61,0.594,1.918,0.017,1.0895567065468135
17.7,0.573,1.959,0.015,1.0911793952425903
17.78,0.56,1.597,0.017,1.4919839527113925
17.8,0.566,1.605,0.016,1.302861351364637
17.82,0.578,1.897,0.019,1.016718399215211
17.82,0.511,1.641,0.015,1.0895295761925983
17.86,0.506,1.523,0.019,1.0656102657917357
17.96,0.588,1.903,0.016,1.168093718783507
17.96,0.542,1.852,0.017,1.1308220955782227
18.08,0.551,1.871,0.018,1.2078953430434083
18.15,0.531,1.839,0.019,1.407428379373927
18.17,0.511,1.674,0.018,1.3507662772410867
18.25,0.559,1.847,0.016,1.2905377472843895
18.26,0.584,1.899,0.018,1.272358765562697
18.29,0.589,1.807,0.018,1.1858930485450272
18.32,0.577,1.813,0.019,1.1539375197736728
18.36,0.522,1.617,0.016,1.1531144003533758
18.37,0.576,1.681,0.019,1.057084959444277
18.58,0.53,1.932,0.016,1.0045038730011002
18.6,0.575,1.768,0.017,1.4769072309167495
18.64,0.559,1.603,0.017,1.4979126017255406
18.67,0.539,1.664,0.017,1.0126026776875674
18.69,0.57,1.992,0.017,1.1791268834070743
18.75,0.501,1.925,0.018,1.2697885859681073
18.76,0.531,1.878,0.017,1.4226263907248335
18.78,0.504,1.91,0.019,1.3166318523454539
18.8,0.527,1.842,0.019,1.117017819895038
18.84,0.569,1.805,0.015,1.2377355217808141
18.84,0.506,1.691,0.018,1.3555992593417532
18.86,0.597,1.611,0.017,1.3456441138010424
18.91,0.511,1.949,0.017,1.3124822312184412
18.93,0.579,1.793,0.015,1.195095002271817
18.95,0.561,1.729,0.017,1.3985678570259672
18.96,0.599,1.71,0.016,1.1295548012931753
18.99,0.506,1.513,0.016,1.4772072401563272
19.02,0.582,1.556,0.015,1.196174962521563
19.11,0.513,1.872,0.015,1.2609598874072665
19.13,0.517,1.761,0.015,1.0097593230751842
19.16,0.553,1.809,0.018,1.1387506923117359
19.21,0.527,1.953,0.018,1.076041684898298
19.28,0.584,1.95,0.018,1.0196737379664456
19.31,0.573,1.884,0.015,1.4867342897171627
19.38,0.59,1.771,0.016,1.0644429845759977
19.45,0.521,1.726,0.018,1.0331629778641063
19.45,0.56,1.513,0.017,1.3347855784393063
19.47,0.513,1.77,0.015,1.251106150733655
19.53,0.58,1.67,0.017,1.1447027030350905
19.59,0.567,1.639,0.015,1.3652540853707915
19.61,0.599,1.903,0.015,1.1805327168950193
19.62,0.546,1.929,0.017,1.2514257128003747
19.65,0.563,1.936,0.019,1.431757729627428
19.66,0.568,1.774,0.015,1.0683494469155228
19.73,0.541,1.771,0.017,1.4321300984949883
19.78,0.566,1.617,0.017,1.022213654216064
19.79,0.51,1.849,0.016,1.4147888143724359
19.8,0.524,1.9,0.018,1.4575724116047908
19.81,0.564,1.643,0.016,1.3162458174787788
19.83,0.511,1.597,0.016,1.0853970907379258
19.84,0.502,1.954,0.019,1.2682183274281902
19.88,0.595,1.625,0.015,1.1601490803368293
19.92,0.525,1.734,0.016,1.2932173427184366
20.03,0.594,1.958,0.017,1.2434005437087325
20.04,0.512,1.811,0.019,1.1114735799781945
20.15,0.504,1.744,0.019,1.1413842005033379
20.25,0.514,1.595,0.019,1.1565560615599042
20.31,0.51,1.64,0.016,1.4972440110294478
20.34,0.5,1.932,0.015,1.4517242634299088
20.41,0.507,1.832,0.019,1.3392293973120546
20.43,0.54,1.922,0.015,1.0340513217493092
20.43,0.557,1.9,0.019,1.3017766048605675
20.46,0.528,1.994,0.019,1.132901907576898
20.54,0.561,1.521,0.019,1.1320182042345088
20.61,0.531,1.694,0.016,1.2830815712637333
20.64,0.594,1.946,0.019,1.2416137055780234
20.65,0.516,1.565,0.015,1.2970311354437734
20.66,0.569,1.566,0.018,1.3747498627964212
20.67,0.586,1.888,0.016,1.3803968321514242
20.68,0.572,1.81,0.018,1.49073611706505
20.76,0.5,1.53,0.019,1.0759423944657256
20.95,0.582,1.695,0.015,1.396992399564462
20.97,0.586,1.605,0.016,1.4268083233719104
21.02,0.566,1.978,0.018,1.3904032952569212
21.03,0.539,1.508,0.017,1.4084002487798135
21.06,0.543,1.887,0.015,1.1807292820439756
21.07,0.503,1.804,0.018,1.0307033369662866
21.1,0.51,1.702,0.019,1.493575123847063
21.15,0.593,1.819,0.019,1.099406513261708
21.15,0.524,1.523,0.017,1.415781947267734
21.16,0.584,1.521,0.016,1.2199664632545273
21.19,0.502,1.799,0.017,1.4746197581437925
21.34,0.518,1.798,0.016,1.1926947720821715
21.36,0.503,1.997,0.019,1.38055895703038
21.37,0.515,1.702,0.015,1.1832769979531474
21.44,0.551,1.783,0.019,1.3548699532615396
21.47,0.533,1.612,0.018,1.146639821490015
21.53,0.522,1.836,0.017,1.4605131860116964
21.59,0.544,1.725,0.019,1.004966953586662
21.65,0.593,1.625,0.017,1.2795366909966965
21.65,0.524,1.706,0.015,1.0350237319233162
21.68,0.514,1.68,0.017,1.4833011525915392
21.71,0.571,1.708,0.017,1.146536878787372
21.73,0.57,1.9,0.018,1.3448370897626614
21.77,0.529,1.672,0.018,1.3915700893607827
21.8,0.501,1.77,0.015,1.2510242246173802
21.82,0.571,1.571,0.015,1.2722658227520114
21.84,0.574,1.556,0.015,1.3529210598521018
21.92,0.508,1.611,0.019,1.1359561085777372
21.93,0.53,1.903,0.017,1.1866721456018021
21.95,0.523,1.538,0.019,1.3065902454387293
22.12,0.568,1.596,0.015,1.404383485410899
22.12,0.509,1.756,0.018,1.4816828105342943
22.14,0.593,1.56,0.015,1.2057273826507542
22.16,0.523,1.672,0.019,1.1537393402530776
22.18,0.556,1.67,0.016,1.283266743754721
22.26,0.545,1.804,0.018,1.192705877134971
22.31,0.52,1.648,0.015,1.3003666903955606
22.32,0.508,1.869,0.017,1.2508205471949456
22.36,0.583,1.998,0.016,1.252246973916714
22.4,0.565,1.944,0.016,1.0671125837764888
22.4,0.554,1.542,0.015,1.455313880275114
22.42,0.583,1.942,0.018,1.0583509632629646
22.46,0.555,1.988,0.017,1.3315442989918544
22.48,0.527,1.639,0.015,1.1429310572098033
22.59,0.54,1.637,0.019,1.420467676123608
22.61,0.534,1.653,0.018,1.1185919532806803
22.65,0.595,1.55,0.017,1.081116448252406
22.66,0.595,1.604,0.019,1.2293218222453701
22.66,0.501,1.636,0.016,1.380597009936785
22.69,0.504,1.966,0.016,1.4481344183698992
22.7,0.561,1.778,0.019,1.4943031084708465
22.73,0.505,1.575,0.019,1.3538472956812337
22.82,0.577,1.719,0.016,1.1293930326365806
22.86,0.517,1.867,0.017,1.4697618585617034
22.9,0.571,1.595,0.016,1.267044880873854
22.96,0.557,1.895,0.017,1.4967990684409287
22.98,0.584,1.93,0.019,1.4330426466703603
23.01,0.547,1.701,0.016,1.3493288823324205
23.05,0.594,1.663,0.016,1.106369100555907
23.06,0.581,1.821,0.016,1.22007931305714
23.14,0.585,1.595,0.019,1.4415035443210553
23.15,0.541,1.885,0.017,1.3930101707000988
23.16,0.579,1.971,0.016,1.1098572123792143
23.19,0.515,1.796,0.019,1.3444809491887013
23.26,0.554,1.811,0.017,1.4274730916287512
23.3,0.54,1.855,0.019,1.0435877550805004
23.36,0.595,1.786,0.016,1.0603470780036142
23.37,0.545,1.866,0.015,1.0837581947586545
23.47,0.536,1.5,0.016,1.377262007878083
23.51,0.53,1.765,0.017,1.152729754204792
23.55,0.554,1.698,0.018,1.02922957866292
23.66,0.583,1.502,0.016,1.129542819447647
23.67,0.598,1.949,0.018,1.397511728335701
23.69,0.547,1.882,0.018,1.0364363107425603
23.71,0.558,1.788,0.017,1.1813906243339483
23.8,0.547,1.678,0.016,1.450211616906445
23.81,0.574,1.9,0.019,1.218638183274279
23.84,0.565,1.708,0.017,1.343839390982812
23.92,0.55,1.669,0.016,1.0369812568092533
23.99,0.574,1.983,0.015,1.1618057304006228
24.0,0.58,1.915,0.018,1.350340136111567
24.02,0.502,1.817,0.018,1.007204167640778
24.06,0.574,1.519,0.015,1.2856222783154785
24.06,0.51,1.527,0.015,1.0053524123132518
24.07,0.528,1.977,0.018,1.3669572352554826
24.08,0.533,1.845,0.016,1.3556253213644602
24.12,0.575,1.578,0.017,1.1320356899770807
24.12,0.58,1.545,0.016,1.3119791047203064
24.16,0.544,1.73,0.019,1.1330326322612012
24.19,0.549,1.962,0.018,1.4085423766632967
24.21,0.595,1.949,0.017,1.3610287655894133
24.23,0.528,1.967,0.016,1.142387046165516
24.26,0.526,1.87,0.016,1.3821844677212078
24.27,0.548,1.726,0.015,1.1381591555878525
24.3,0.546,1.821,0.019,1.1867063911266347
24.35,0.542,1.945,0.017,1.204174435620502
24.36,0.507,1.525,0.019,1.1338829584004717
24.55,0.558,1.788,0.018,1.2484633636450118
24.73,0.551,1.831,0.018,1.4864700073944423
24.75,0.583,1.766,0.017,1.3467802164566711
24.75,0.523,1.648,0.017,1.2198733052142217
24.76,0.581,1.508,0.018,1.0587858469830973
24.77,0.512,1.603,0.018,1.253250645323921
24.77,0.581,1.633,0.015,1.0579090900246888
24.78,0.568,1.958,0.019,1.163277918451031
24.82,0.502,1.637,0.017,1.3694347484755305
24.82,0.589,1.662,0.016,1.3288953665477923
24.84,0.561,1.694,0.017,1.213833261155883
24.84,0.559,1.837,0.018,1.0943016861157486
24.87,0.522,1.965,0.015,1.254701393952779
24.93,0.513,1.977,0.019,1.3444393373008257
24.93,0.548,1.708,0.015,1.220504688058584
24.94,0.543,1.75,0.019,1.4916246685679408
24.95,0.514,1.803,0.017,1.2597483980021766
24.97,0.54,1.647,0.019,1.3715851271092405
25.05,0.595,1.72,0.019,1.0576601276653397
25.09,0.563,1.835,0.017,1.0113755863770313
25.14,0.538,1.591,0.018,1.495837901896848
25.16,0.501,1.743,0.016,1.0822746387435949
25.17,0.569,1.756,0.017,1.4970513754501575
25.34,0.598,1.689,0.015,1.331087453242702
25.41,0.556,1.75,0.018,1.376251643900655
25.51,0.599,1.727,0.015,1.309514384893308
25.54,0.541,1.855,0.018,1.1612035096175974
25.61,0.52,1.97,0.019,1.4328910364477778
25.61,0.558,1.927,0.017,1.4755511309714826
25.61,0.527,1.742,0.016,1.0293434269933426
25.63,0.523,1.979,0.019,1.2844343221360608
25.66,0.585,1.86,0.017,1.2148438333988338
25.69,0.514,1.57,0.015,1.4189958692061904
25.72,0.529,1.618,0.017,1.0022000176196169
25.73,0.517,1.581,0.016,1.4523328921790077
25.78,0.554,1.561,0.017,1.2927304145958267
25.8,0.584,1.703,0.018,1.0259080426067881
25.82,0.559,1.606,0.016,1.238619699469428
25.83,0.513,1.71,0.019,1.1117347569720741
25.85,0.553,1.963,0.015,1.3307449956776165
25.88,0.56,1.608,0.017,1.288553731082227
25.94,0.572,1.987,0.019,1.210127551321084
25.95,0.598,1.918,0.018,1.2618404538056165
25.95,0.566,1.674,0.016,1.064332338034391
25.96,0.5,1.501,0.015,1.2786639159160456
25.97,0.548,1.816,0.015,1.048517555369269
25.98,0.505,1.732,0.016,1.4135437278980056
25.98,0.565,1.685,0.019,1.4112167279528918
26.0,0.52,1.615,0.016,1.1828946403718974
26.0,0.544,1.923,0.019,1.1983334123948541
26.03,0.575,1.996,0.017,1.4312468022701679
26.03,0.547,1.531,0.015,1.2938344874000691
26.04,0.548,1.783,0.016,1.1032609658945367
26.09,0.579,1.64,0.015,1.171312582596925
26.19,0.585,1.607,0.018,1.1286255459494692
26.3,0.515,1.807,0.017,1.277670511089032
26.41,0.543,1.554,0.015,1.1216291368786522
26.45,0.544,1.893,0.016,1.3777154615904175
26.47,0.505,1.822,0.015,1.196024808157233
26.48,0.526,1.565,0.015,1.3002554110402111
26.48,0.56,1.901,0.016,1.3535559320504469
26.48,0.577,1.522,0.019,1.0849009496519377
26.5,0.523,1.871,0.017,1.1838225314545292
26.54,0.581,1.975,0.015,1.3891670901668864
26.55,0.573,1.733,0.016,1.3811985840690624
26.65,0.525,1.531,0.018,1.3666595549030618
26.66,0.563,1.932,0.018,1.3164952136907802
26.67,0.597,1.759,0.015,1.2027887277528242
26.67,0.564,1.556,0.018,1.0937593607821037
26.84,0.576,1.513,0.019,1.0285224537574318
26.84,0.561,1.851,0.016,1.1439908947872746
26.9,0.536,1.776,0.015,1.072431155049187
26.91,0.527,1.505,0.018,1.4275245760013513
26.97,0.526,1.753,0.016,1.2495216792938608
27.02,0.512,1.734,0.015,1.4581273231829466
27.07,0.535,1.844,0.018,1.4648582653944215
27.1,0.578,1.678,0.019,1.2399291489796926
27.11,0.57,1.515,0.017,1.4354990234841094
27.19,0.527,1.631,0.017,1.254175518379707
27.2,0.516,1.912,0.017,1.1187270072548363
27.23,0.58,1.998,0.016,1.1236661748082868
27.24,0.576,1.64,0.017,1.2434262355969221
27.26,0.55,1.89,0.016,1.3198275438115687
27.3,0.584,1.609,0.017,1.486208029042601
27.31,0.545,1.507,0.015,1.446803502053055
27.33,0.535,1.715,0.015,1.3514619378087651
27.41,0.518,1.831,0.016,1.2599362616194152
27.44,0.5,1.758,0.017,1.3265224323350926
27.47,0.528,1.85,0.015,1.2683543671857418
27.48,0.502,1.6,0.019,1.386008130340195
27.5,0.587,1.54,0.015,1.4186762112897262
27.54,0.568,1.797,0.017,1.1814382412945064
27.57,0.576,1.729,0.017,1.1512029075924148
27.61,0.572,1.551,0.015,1.015725389158542
27.62,0.563,1.697,0.018,1.3110016972487615
27.65,0.509,1.799,0.019,1.311443047451376
27.66,0.558,1.826,0.017,1.038126053679889
27.74,0.552,1.778,0.018,1.08623369740187
27.74,0.541,1.657,0.018,1.1022224561305873
27.81,0.563,1.961,0.015,1.2360601197726007
27.82,0.505,1.589,0.017,1.1157320446074803
27.91,0.516,1.581,0.018,1.1070908044215027
27.92,0.549,1.564,0.019,1.29409405750605
27.93,0.52,1.705,0.015,1.3380444741429
28.0,0.538,1.701,0.015,1.2652520248068706
28.02,0.545,1.525,0.018,1.4229730617093341
28.04,0.566,1.64,0.017,1.2743864016933055
28.04,0.577,1.843,0.015,1.4827604763244762
28.09,0.583,1.894,0.019,1.0101022288540205
28.11,0.5,1.717,0.019,1.1919544313949713
28.18,0.56,1.93,0.019,1.2304921866790057
28.2,0.557,1.833,0.018,1.1405897707230743
28.2,0.594,1.794,0.016,1.2736750812131734
28.31,0.581,1.778,0.018,1.1063430493791457
28.34,0.508,1.947,0.019,1.1142719329260438
28.37,0.528,1.751,0.018,1.419731820992683
28.4,0.569,1.956,0.019,1.0857501170586477
28.46,0.553,1.639,0.015,1.166919604546886
28.49,0.599,1.566,0.018,1.2179317674030383
28.49,0.577,1.678,0.016,1.4324371465376378
28.49,0.565,1.945,0.016,1.0418595531577397
28.53,0.507,1.703,0.017,1.0688636888093628
28.63,0.579,1.914,0.018,1.2879800807288726
28.66,0.514,1.669,0.018,1.2532748783961667
28.7,0.515,1.843,0.018,1.335713724009784
28.7,0.567,1.927,0.017,1.1409527868914808
28.74,0.544,1.589,0.019,1.1101552419753344
28.75,0.557,1.965,0.017,1.43471375628059
28.84,0.531,1.897,0.016,1.0453989223818938
28.84,0.555,1.697,0.019,1.000046323611013
28.87,0.508,1.725,0.019,1.4507394348247353
28.88,0.527,1.75,0.016,1.4847972727197172
28.89,0.564,1.735,0.016,1.4083299234302453
28.96,0.519,1.653,0.016,1.092745186706394
29.07,0.52,1.735,0.017,1.1138676961887524
29.09,0.526,1.797,0.016,1.4862233894568166
29.11,0.571,1.625,0.019,1.2975062455190773
29.14,0.55,1.529,0.016,1.0926479303655892
29.15,0.555,1.508,0.018,1.4311708785402395
29.23,0.563,1.692,0.017,1.1056004996655697
29.32,0.578,1.58,0.015,1.2092759994591247
29.38,0.559,1.613,0.016,1.3414258537206405
29.41,0.541,1.946,0.018,1.1458394784598933
29.41,0.529,1.531,0.015,1.2970449976962968
29.42,0.509,1.859,0.018,1.3719455803330514
29.45,0.585,1.581,0.015,1.2556738418133475
29.45,0.591,1.65,0.018,1.1499381638494106
29.49,0.571,1.51,0.016,1.2483286825833861
29.51,0.556,1.617,0.019,1.3226322833388668
29.52,0.518,1.567,0.018,1.1292881788186984
29.55,0.576,1.696,0.015,1.294858601333694
29.55,0.515,1.548,0.018,1.0815339734081282
29.57,0.544,1.623,0.018,1.442115318686347
29.6,0.537,1.906,0.015,1.2663158648880282
29.64,0.55,1.59,0.018,1.1012393733510217
29.65,0.571,1.977,0.019,1.3670786846725886
29.68,0.598,1.883,0.015,1.3869904963897368
29.72,0.529,1.572,0.019,1.4730327721712413
29.73,0.549,1.644,0.018,1.2650893761745912
29.73,0.546,1.778,0.017,1.4269229004471005
29.77,0.523,1.581,0.015,1.0680841109488342
29.79,0.548,1.914,0.018,1.0939813082665482
29.8,0.542,1.935,0.018,1.0102606351285197
29.82,0.56,1.924,0.019,1.4611030708862116
29.85,0.545,1.957,0.015,1.223080012892184
29.86,0.579,1.869,0.017,1.3082916361313086
29.88,0.566,1.692,0.017,1.2172308086924466
29.92,0.56,1.762,0.018,1.0361834604132794
29.94,0.574,1.719,0.017,1.4540145887708003
29.95,0.509,1.784,0.018,1.2879298226854201
29.97,0.547,1.53,0.017,1.1344407206783214
29.99,0.523,1.731,0.016,1.2056906674518746
